1 2 F 4 5 F 7 8 F 10 11 FB 13 14 F 16 17 F 19 20 F 
1 2 3 4 5 6 F 8 9 10 11 12 13 F 15 16 17 18 19 20 
1 2 3 4 5 F 7 8 9 10 11 F 13 14 15 16 17 
1 
1 2 3 4 5 6 B F 9 10 11 12 13 B 15 F 17 
1 2 3 4 5 6 7 8 B 10 11 12 F 14 15 16 
1 2 
1 2 3 4 5 6 7 8 9 10 11 12 13 14 F 16 B 
1 2 3 4 5 6 7 8 9 10 11 12 
1 2 3 4 5 6 7 8 9 
1 2 3 4 5 6 7 F 9 10 B 12 
1 2 3 4 5 6 7 8 9 FB 11 12 13 14 
1 2 3 4 5 F 7 8 9 10 11 F 13 14 15 
1 2 3 4 5 6 7 8 9 10 11 B 13 14 15 16 17 18 19 20 
1 2 3 4 5 6 7 8 9 10 11 12 13 F 15 16 17 18 19 20 21 
1 2 3 4 5 
1 2 3 4 5 6 7 8 B 10 11 12 13 14 
1 2 3 4 5 6 7 
1 B 3 B 5 
1 2 3 B 5 6 
