1 2 F 4 B F 7 8 F B 11 F 13 14 FB 16 17 F 19 B F 
1 B 3 B 5 B F B 9 B 11 B 13 FB 15 B 17 B 19 B 
1 B 3 B 5 FB 7 B 9 B 11 FB 13 B 15 B 17 
1 
1 2 3 4 5 6 B F 9 10 11 12 13 B 15 F 17 18 19 20 B 22 23 F 25 26 27 B 29 30 31 F 33 34 B 36 37 38 39 F 41 B 43 44 45 46 47 F B 50 51 52 53 54 55 FB 57 58 59 60 61 62 B F 65 
1 2 3 4 5 6 7 8 B 10 11 12 F 14 15 16 
1 2 
1 2 3 4 5 6 7 8 9 10 11 12 13 14 F 16 B 
1 2 3 4 5 6 7 8 9 10 11 12 
1 2 3 4 5 6 7 8 9 
1 2 3 4 5 6 7 F 9 10 B 12 
1 2 3 4 5 6 7 8 9 FB 11 12 13 14 
1 2 3 4 5 F 7 8 9 10 11 F 13 14 15 
1 2 3 4 5 6 7 8 9 10 11 B 13 14 15 16 17 18 19 20 
1 2 3 4 5 6 7 8 9 10 11 12 13 F 15 16 17 18 19 20 21 
1 2 3 4 5 
1 2 3 4 5 6 7 8 B 10 11 12 13 14 
1 2 3 4 5 6 7 
1 B 3 B 5 
1 2 3 B 5 6 
